&IO_NML
 FORMAT=0          ,
 NTOTAL=0          ,
 OUT_TIME=  1.0000000000000000E-002,
 GUARD_ZONES=F,
 TIME_DERIVS=0          ,
 METHOD='background      ',
 NML_VERSION=4          ,
 DO_GENERIC=F,
 DO_PIC=T,
 DO_PARTICLES=F,
 /
&SNAPSHOT_NML
 IOFORMAT=0          ,
 IOUT=4          ,
 TIME=  4.0000000000000001E-002,
 NTOTAL=0          ,
 BOX= 2*10.000000000000000       , 0.20000000000000001     ,
 LI= 3*4          ,
 UI= 2*13         ,4          ,
 NG= 3*3          ,
 GN= 2*16         ,7          ,
 N= 2*10         ,1          ,
 NV=14         ,
 MV=14         ,
 NT=5          ,
 GAMMA=  1.3999999999999999     ,
 EOS_NAME='ideal           ',
 OPACITY='none            ',
 PERIODIC= 3*T,
 GUARD_ZONES=F,
 TIME_DERIVS=0          ,
 NO_MANS_LAND=T,
 OMP_NTHREADS=16         ,
 MPI_SIZE=1          ,
 MESH_TYPE=1          ,
 MPI_DIMS= 3*1          ,
 REFINE_RATIO=2          ,
 ORIGIN= 3*0.0000000000000000       ,
 /
&IDX_NML
 D=0          ,
 E=4          ,
 ET=-1         ,
 S=-2         ,
 PX=1          ,
 PY=2          ,
 PZ=3          ,
 BX=5          ,
 BY=6          ,
 BZ=7          ,
 QR=-1         ,
 TT=-1         ,
 PHI=-1         ,
 P1=1          ,
 P2=2          ,
 P3=3          ,
 B1=5          ,
 B2=6          ,
 B3=7          ,
 EX=8          ,
 EY=9          ,
 EZ=10         ,
 JX=11         ,
 JY=12         ,
 JZ=13         ,
 RPHI=-1         ,
 /
